-647695.00000000 -979755.00000000 1188.63000488
-650890.00000000 -981200.00000000 973.23999023
-652030.00000000 -979805.00000000 948.25000000
-653670.00000000 -981525.00000000 998.83001709
-649505.00000000 -979290.00000000 1142.34997559
-647645.00000000 -980340.00000000 1116.23999023
-650400.00000000 -983200.00000000 743.04998779
-644955.00000000 -983935.00000000 1531.06994629
-647910.00000000 -985010.00000000 1226.98999023
-654225.00000000 -980540.00000000 1211.00000000
-650920.00000000 -980485.00000000 881.28997803
-653435.00000000 -978965.00000000 1034.34997559
-647045.00000000 -982215.00000000 1047.21997070
-647550.00000000 -983460.00000000 921.44000244
-651815.00000000 -978405.00000000 1205.43994141
-651710.00000000 -983455.00000000 781.21997070
-647330.00000000 -983080.00000000 1145.32995605
-650050.00000000 -978555.00000000 1296.20996094
-653900.00000000 -981340.00000000 1017.46997070
-650045.00000000 -982955.00000000 737.55999756
-649820.00000000 -981200.00000000 842.34002686
-646345.00000000 -983025.00000000 1372.34997559
-648180.00000000 -985190.00000000 1197.29003906
-647595.00000000 -982385.00000000 1156.91003418
-653425.00000000 -982010.00000000 888.90002441
-651200.00000000 -981535.00000000 1153.69995117
-645410.00000000 -984280.00000000 1374.43005371
-650775.00000000 -983400.00000000 718.30999756
-655035.00000000 -979615.00000000 1396.69995117
-647040.00000000 -982410.00000000 1131.81994629
-652550.00000000 -978440.00000000 1268.05004883
-649815.00000000 -982390.00000000 755.50000000
-647055.00000000 -981855.00000000 1047.55004883
-645880.00000000 -983670.00000000 1301.69995117
-647365.00000000 -980130.00000000 1224.43005371
-653315.00000000 -980525.00000000 1341.76000977
-650155.00000000 -978585.00000000 1283.89001465
-653405.00000000 -979830.00000000 1174.69995117
-650540.00000000 -979340.00000000 1036.43994141
-648000.00000000 -981195.00000000 987.78997803
-645645.00000000 -984415.00000000 1235.23999023
-653400.00000000 -980290.00000000 1404.31994629
-654465.00000000 -980655.00000000 1109.31005859
-651550.00000000 -982795.00000000 877.90002441
-648765.00000000 -981345.00000000 959.65002441
-651245.00000000 -981045.00000000 986.33001709
-645345.00000000 -982285.00000000 1377.30004883
-646360.00000000 -984790.00000000 1120.45996094
-654490.00000000 -981375.00000000 943.09002686
-650090.00000000 -983265.00000000 716.96997070
-647825.00000000 -981485.00000000 939.08001709
-647875.00000000 -980815.00000000 1019.33001709
-651135.00000000 -979365.00000000 1061.42004395
-652635.00000000 -981905.00000000 1046.05004883
-645775.00000000 -981115.00000000 1416.58996582
-651915.00000000 -979075.00000000 1164.73999023
-646170.00000000 -983765.00000000 1157.35998535
-649735.00000000 -978800.00000000 1194.91003418
-650295.00000000 -979685.00000000 1032.47998047
-652685.00000000 -981835.00000000 1061.97998047
-645155.00000000 -981525.00000000 1445.88000488
-648945.00000000 -981165.00000000 891.34997559
-649405.00000000 -983900.00000000 854.50000000
-649640.00000000 -979315.00000000 1120.18005371
-654460.00000000 -979365.00000000 1384.70996094
-655070.00000000 -981370.00000000 1044.38000488
-652365.00000000 -982270.00000000 1033.26000977
-653595.00000000 -977980.00000000 1260.81005859
-649020.00000000 -980375.00000000 954.40997314
-650460.00000000 -982145.00000000 898.09002686
-647635.00000000 -981320.00000000 1046.19995117
-648465.00000000 -979335.00000000 1187.73999023
-647500.00000000 -982610.00000000 1277.88000488
-649595.00000000 -979090.00000000 1165.18994141
-646050.00000000 -984170.00000000 1230.34997559
-651025.00000000 -979500.00000000 1049.90002441
-647220.00000000 -984255.00000000 1119.07995605
-652560.00000000 -979415.00000000 971.98999023
-650550.00000000 -980285.00000000 913.02001953
-651135.00000000 -979780.00000000 1013.55999756
-652460.00000000 -982815.00000000 1041.33996582
-649210.00000000 -980980.00000000 834.11999512
-652815.00000000 -981315.00000000 1186.61999512
-653225.00000000 -979645.00000000 1038.56994629
-650975.00000000 -982755.00000000 813.20001221
-650625.00000000 -980750.00000000 824.95001221
-645340.00000000 -982350.00000000 1342.45996094
-648225.00000000 -980720.00000000 989.15997314
-652080.00000000 -981275.00000000 1198.20996094
-648060.00000000 -979705.00000000 1179.56005859
-652500.00000000 -980045.00000000 996.40997314
-651565.00000000 -979490.00000000 1081.76000977
-647200.00000000 -981350.00000000 1155.69995117
-646495.00000000 -984505.00000000 1035.26000977
-649885.00000000 -984310.00000000 789.70001221
-652360.00000000 -978475.00000000 1228.40002441
-653095.00000000 -981150.00000000 1157.40002441
-648225.00000000 -983050.00000000 1024.61999512
-652500.00000000 -980135.00000000 1043.47998047
-652295.00000000 -980265.00000000 953.97998047
-650590.00000000 -983660.00000000 720.57000732
-648630.00000000 -982960.00000000 1032.71997070
-648320.00000000 -982955.00000000 1052.93994141
-646560.00000000 -980365.00000000 1354.25000000
-648005.00000000 -983120.00000000 1013.85998535
-646830.00000000 -983235.00000000 1173.61999512
-649190.00000000 -979505.00000000 1085.07995605
-647410.00000000 -982220.00000000 1056.11999512
-650815.00000000 -979520.00000000 1016.95001221
-648355.00000000 -982475.00000000 1289.18005371
-652770.00000000 -978835.00000000 1200.86999512
-645555.00000000 -981545.00000000 1468.42004395
-647810.00000000 -980470.00000000 1048.56005859
-644695.00000000 -984095.00000000 1529.29003906
-646240.00000000 -983345.00000000 1164.93994141
-654795.00000000 -981195.00000000 967.98999023
-650935.00000000 -981175.00000000 969.09002686
-650780.00000000 -978780.00000000 1048.45996094
-653940.00000000 -980645.00000000 1208.80004883
-651950.00000000 -979510.00000000 1070.44995117
-651335.00000000 -980795.00000000 914.78002930
-650600.00000000 -980875.00000000 819.16998291
-646945.00000000 -983925.00000000 964.51000977
-648250.00000000 -983880.00000000 849.47998047
-648480.00000000 -983495.00000000 872.57000732
-647195.00000000 -985125.00000000 1261.70996094
-648050.00000000 -981825.00000000 1001.32000732
-650185.00000000 -980270.00000000 968.85998535
-648760.00000000 -982360.00000000 1211.02001953
-647350.00000000 -983395.00000000 978.77001953
-644785.00000000 -984045.00000000 1525.66003418
-654870.00000000 -981755.00000000 990.46997070
-649395.00000000 -983540.00000000 839.16998291
-655200.00000000 -981465.00000000 1094.45996094
-647985.00000000 -983925.00000000 878.66998291
-645165.00000000 -983475.00000000 1505.13000488
-647935.00000000 -982260.00000000 1120.88000488
-648740.00000000 -979755.00000000 1102.55004883
-651820.00000000 -978025.00000000 1260.34997559
-650595.00000000 -980265.00000000 923.90002441
-650820.00000000 -983430.00000000 701.27001953
-649380.00000000 -982250.00000000 956.69000244
-652050.00000000 -981475.00000000 1211.91003418
-654005.00000000 -978995.00000000 1303.90002441
-648400.00000000 -984485.00000000 979.92999268
-652670.00000000 -981505.00000000 1178.70996094
-651610.00000000 -979940.00000000 981.57000732
-645585.00000000 -984605.00000000 1181.57995605
-653680.00000000 -981405.00000000 1037.86999512
-651060.00000000 -980130.00000000 976.45001221
